1 12 2 12 3 5 4 2 5 1
1 13 2 10 3 6 4 2 5 1
1 13 2 11 3 4 4 3 5 1
1 13 2 11 3 5 4 2 6 1
1 13 2 11 3 5 5 2 4 1
1 13 2 12 3 3 4 3 6 1
2 13 1 12 3 3 4 3 5 1
1 13 2 12 3 4 4 2 7 1
1 13 2 12 4 4 3 2 5 1
2 13 1 12 3 4 4 2 6 1
2 13 1 12 3 4 5 2 4 1
1 13 2 13 3 3 5 2 6 1
1 13 2 13 3 3 6 2 4 1
1 13 2 13 4 3 3 2 7 1
1 13 2 13 4 3 5 2 3 1
1 13 2 13 5 3 3 2 4 1
1 14 2 8 3 7 4 2 5 1
1 14 2 9 3 5 4 3 5 1
1 14 2 9 3 6 4 2 6 1
1 14 2 9 3 6 5 2 4 1
1 14 2 10 3 4 4 3 6 1
1 14 2 10 4 4 3 3 5 1
1 14 2 10 3 5 4 2 7 1
1 14 2 11 3 3 4 3 7 1
1 14 2 11 3 3 5 3 4 1
1 14 2 11 3 4 5 2 6 1
1 14 2 11 3 4 6 2 4 1
1 14 2 11 4 4 3 2 6 1
2 14 1 11 3 4 4 2 5 1
1 14 2 12 3 3 5 2 7 1
1 14 2 12 3 3 6 2 5 1
1 14 2 12 5 3 4 2 3 1
2 14 1 12 3 3 4 2 7 1
2 14 1 12 4 3 3 2 6 1
1 14 2 13 3 2 7 2 4 1
1 14 2 13 4 2 5 2 6 1
2 14 1 13 3 2 5 2 7 1
2 14 1 13 3 2 6 2 5 1
2 14 1 13 4 2 6 2 3 1
1 15 2 7 3 6 4 3 5 1
1 15 2 7 3 7 4 2 6 1
1 15 2 7 3 7 5 2 4 1
1 15 2 8 3 4 4 4 5 1
1 15 2 8 3 5 4 3 6 1
1 15 2 8 3 6 4 2 7 1
1 15 3 8 2 6 4 2 5 1
1 15 2 9 3 3 4 3 5 2
1 15 2 9 3 4 4 3 7 1
1 15 2 9 3 4 5 3 4 1
1 15 2 9 4 4 3 3 6 1
1 15 2 9 3 5 5 2 6 1
1 15 2 9 3 5 6 2 4 1
1 15 2 9 4 5 3 2 5 1
1 15 2 10 3 4 5 2 7 1
1 15 2 10 3 4 6 2 5 1
1 15 2 10 4 4 3 2 7 1
1 15 2 10 4 4 5 2 3 1
1 15 2 11 3 3 7 2 4 1
1 15 2 11 4 3 6 2 3 1
1 15 2 11 5 3 3 2 6 1
2 15 1 11 3 3 4 2 6 1
2 15 1 11 3 3 5 2 4 1
2 15 1 11 4 3 3 2 5 1
1 15 2 12 3 2 6 2 7 1
1 15 2 12 3 2 7 2 5 1
1 15 2 12 4 2 5 2 7 1
1 15 2 12 4 2 6 2 5 1
1 15 2 12 4 2 7 2 3 1
1 15 2 12 5 2 6 2 3 1
2 15 1 12 3 2 5 2 6 1
2 15 1 12 3 2 6 2 4 1
1 16 2 6 3 5 4 4 5 1
1 16 2 6 3 6 4 3 6 1
1 16 2 7 3 4 4 3 5 2
1 16 2 7 3 4 4 4 6 1
1 16 2 7 3 5 4 3 7 1
1 16 2 7 3 5 5 3 4 1
1 16 2 7 4 5 3 3 5 1
1 16 3 7 2 5 4 3 5 1
1 16 2 7 3 6 5 2 6 1
1 16 2 7 3 6 6 2 4 1
1 16 3 7 2 6 4 2 7 1
1 16 2 8 3 3 5 3 4 2
1 16 2 8 4 4 3 3 7 1
1 16 2 8 3 5 5 2 7 1
1 16 2 8 3 5 6 2 5 1
1 16 2 8 4 5 3 2 6 1
1 16 3 8 2 5 4 2 6 1
1 16 3 8 2 5 5 2 4 1
1 16 2 9 3 3 5 3 6 1
1 16 2 9 4 3 5 3 3 1
1 16 2 9 3 4 7 2 4 1
1 16 2 9 5 4 3 2 4 1
1 16 3 9 2 4 4 2 5 1
1 16 2 10 3 3 6 2 7 1
1 16 2 10 3 3 7 2 5 1
1 16 2 10 4 3 5 2 6 1
1 16 2 10 5 3 3 2 7 1
1 16 2 10 6 3 3 2 4 1
2 16 1 10 3 3 4 2 5 1
1 16 2 11 3 2 7 2 6 1
1 16 2 11 5 2 6 2 4 1
2 16 1 11 3 2 4 2 7 1
2 16 1 11 4 2 5 2 3 1
1 17 2 5 3 5 4 3 5 2
1 17 2 5 3 5 4 4 6 1
1 17 2 5 4 5 3 4 5 1
1 17 2 6 3 4 5 3 4 2
1 17 2 6 4 4 3 3 5 2
1 17 2 6 3 4 4 4 7 1
1 17 3 6 2 4 4 4 5 1
1 17 2 6 4 5 3 3 6 1
1 17 3 6 2 5 4 3 7 1
1 17 3 6 2 5 5 3 4 1
1 17 2 6 3 6 5 2 7 1
1 17 2 6 3 6 6 2 5 1
1 17 2 6 4 6 3 2 5 1
1 17 2 7 3 3 4 3 6 2
1 17 2 7 4 3 5 3 3 2
1 17 2 7 3 4 5 3 6 1
1 17 2 7 5 4 3 3 4 1
1 17 3 7 2 4 4 3 6 1
1 17 2 7 3 5 7 2 4 1
1 17 2 7 4 5 3 2 7 1
1 17 2 7 4 5 5 2 3 1
1 17 3 7 2 5 5 2 6 1
1 17 3 7 2 5 6 2 4 1
1 17 2 8 3 3 5 3 7 1
1 17 2 8 3 3 6 3 4 1
1 17 3 8 2 3 4 3 5 1
1 17 2 8 3 4 6 2 7 1
1 17 2 8 3 4 7 2 5 1
1 17 2 8 4 4 6 2 3 1
1 17 2 8 5 4 4 2 3 1
1 17 3 8 2 4 4 2 7 1
1 17 2 9 3 3 7 2 6 1
1 17 2 9 4 3 5 2 7 1
1 17 2 9 4 3 6 2 5 1
1 17 2 9 4 3 7 2 3 1
1 17 2 9 5 3 4 2 6 1
1 17 2 9 6 3 3 2 5 1
1 17 2 9 6 3 4 2 3 1
1 17 3 9 2 3 4 2 6 1
1 17 3 9 2 3 5 2 4 1
1 17 2 10 4 2 6 2 7 1
1 17 2 10 4 2 7 2 5 1
1 17 2 10 5 2 7 2 3 1
1 17 3 10 2 2 4 2 5 1
2 17 1 10 3 2 4 2 6 1
2 17 1 10 3 2 5 2 4 1
1 18 2 4 3 4 4 4 5 2
1 18 2 5 3 4 4 3 6 2
1 18 3 5 2 4 5 3 4 2
1 18 2 5 3 4 5 4 4 1
1 18 3 5 2 4 4 4 7 1
1 18 4 5 2 4 3 4 6 1
1 18 2 5 3 5 5 3 6 1
1 18 2 5 4 5 3 3 7 1
1 18 3 5 4 5 2 3 5 1
1 18 3 6 2 3 4 3 5 2
1 18 2 6 3 4 5 3 7 1
1 18 2 6 3 4 6 3 4 1
1 18 2 6 4 4 5 3 3 1
1 18 3 6 4 4 2 3 6 1
1 18 4 6 2 4 3 3 5 1
1 18 2 6 3 5 6 2 7 1
1 18 2 6 3 5 7 2 5 1
1 18 3 6 2 5 7 2 4 1
1 18 4 6 2 5 3 2 6 1
1 18 2 7 3 3 6 3 5 1
1 18 3 7 2 3 4 3 7 1
1 18 3 7 2 3 5 3 4 1
1 18 2 7 3 4 7 2 6 1
1 18 2 7 4 4 5 2 6 1
1 18 2 7 5 4 3 2 6 1
1 18 3 7 2 4 5 2 7 1
1 18 3 7 2 4 6 2 5 1
1 18 3 7 4 4 2 2 5 1
1 18 2 8 5 3 4 2 7 1
1 18 2 8 5 3 6 2 3 1
1 18 3 8 2 3 5 2 6 1
1 18 3 8 2 3 6 2 4 1
1 18 3 8 4 3 2 2 6 1
1 18 2 9 4 2 7 2 6 1
1 18 2 9 5 2 7 2 4 1
1 18 3 9 2 2 4 2 7 1
2 18 1 9 3 2 4 2 5 1
1 19 2 4 4 4 3 3 6 2
1 19 2 4 4 4 5 3 3 2
1 19 2 4 5 4 3 3 4 2
1 19 2 5 3 3 4 3 7 2
1 19 2 5 3 3 6 3 4 2
1 19 3 5 2 3 4 3 6 2
1 19 4 5 2 3 3 3 5 2
1 19 2 5 3 4 6 3 5 1
1 19 2 5 5 4 3 3 6 1
1 19 2 5 5 4 4 3 3 1
1 19 3 5 2 4 5 3 7 1
1 19 3 5 2 4 6 3 4 1
1 19 3 5 5 4 2 3 4 1
1 19 4 5 3 4 2 3 7 1
1 19 2 5 3 5 7 2 6 1
1 19 2 5 4 5 6 2 3 1
1 19 2 5 5 5 3 2 4 1
1 19 3 5 4 5 2 2 6 1
1 19 2 6 4 3 5 3 6 1
1 19 2 6 4 3 6 3 3 1
1 19 3 6 2 3 5 3 6 1
1 19 4 6 2 3 3 3 6 1
1 19 2 6 4 4 5 2 7 1
1 19 2 6 4 4 6 2 5 1
1 19 2 6 4 4 7 2 3 1
1 19 2 6 5 4 3 2 7 1
1 19 3 6 2 4 6 2 7 1
1 19 3 6 2 4 7 2 5 1
1 19 3 6 4 4 2 2 7 1
1 19 4 6 2 4 3 2 7 1
1 19 4 6 2 4 5 2 3 1
1 19 4 6 3 4 2 2 5 1
1 19 2 7 4 3 6 2 7 1
1 19 2 7 4 3 7 2 5 1
1 19 2 7 5 3 6 2 4 1
1 19 2 7 6 3 3 2 7 1
1 19 2 7 6 3 4 2 5 1
1 19 2 7 6 3 5 2 3 1
1 19 2 7 7 3 3 2 4 1
1 19 3 7 2 3 7 2 4 1
1 19 3 7 4 3 5 2 2 1
1 19 4 7 2 3 3 2 5 1
1 19 2 8 5 2 6 2 7 1
1 19 2 8 6 2 7 2 3 1
1 19 3 8 2 2 5 2 7 1
1 19 3 8 2 2 6 2 5 1
1 20 2 4 3 3 5 3 6 2
1 20 2 4 4 3 6 3 3 2
1 20 3 4 2 3 4 3 7 2
1 20 3 4 2 3 6 3 4 2
1 20 4 4 3 3 5 3 2 2
1 20 5 4 2 3 4 3 3 2
1 20 2 4 5 4 3 3 7 1
1 20 3 4 5 4 2 3 6 1
1 20 2 5 3 3 6 3 7 1
1 20 2 5 3 3 7 3 4 1
1 20 2 5 4 3 5 3 7 1
1 20 3 5 2 3 6 3 5 1
1 20 3 5 4 3 5 3 2 1
1 20 4 5 2 3 5 3 3 1
1 20 5 5 2 3 3 3 4 1
1 20 2 5 5 4 4 2 6 1
1 20 2 5 6 4 3 2 4 1
1 20 4 5 2 4 5 2 6 1
1 20 4 5 3 4 5 2 2 1
1 20 5 5 2 4 4 2 3 1
1 20 2 6 4 3 7 2 6 1
1 20 2 6 5 3 7 2 3 1
1 20 2 6 6 3 5 2 4 1
1 20 2 6 7 3 3 2 5 1
1 20 2 6 7 3 4 2 3 1
1 20 3 6 2 3 7 2 6 1
1 20 3 6 4 3 6 2 2 1
1 20 3 6 5 3 2 2 7 1
1 20 3 6 6 3 2 2 4 1
1 20 4 6 3 3 2 2 7 1
1 20 2 7 5 2 7 2 6 1
1 20 2 7 6 2 7 2 4 1
1 20 3 7 2 2 6 2 7 1
1 20 3 7 2 2 7 2 5 1
1 20 4 7 2 2 3 2 6 1
1 21 2 3 3 3 6 3 5 2
1 21 3 3 4 3 6 3 2 2
1 21 2 4 3 3 7 3 5 1
1 21 2 4 4 3 6 3 5 1
1 21 3 4 2 3 6 3 7 1
1 21 3 4 2 3 7 3 4 1
1 21 4 4 2 3 5 3 6 1
1 21 4 4 2 3 6 3 3 1
1 21 5 4 3 3 4 3 2 1
1 21 6 4 2 3 3 3 4 1
1 21 2 4 4 4 6 2 7 1
1 21 2 4 4 4 7 2 5 1
1 21 2 4 5 4 4 2 7 1
1 21 2 4 5 4 6 2 3 1
1 21 2 4 6 4 3 2 5 1
1 21 2 4 6 4 4 2 3 1
1 21 3 4 5 4 2 2 7 1
1 21 4 4 5 4 2 2 3 1
1 21 2 5 5 3 7 2 4 1
1 21 2 5 6 3 4 2 7 1
1 21 2 5 7 3 3 2 6 1
1 21 3 5 4 3 5 2 6 1
1 21 3 5 4 3 7 2 2 1
1 21 3 5 6 3 4 2 2 1
1 21 4 5 2 3 5 2 7 1
1 21 4 5 2 3 6 2 5 1
1 21 4 5 2 3 7 2 3 1
1 21 4 5 3 3 6 2 2 1
1 21 4 5 5 3 3 2 2 1
1 21 5 5 2 3 3 2 6 1
1 21 2 6 6 2 7 2 5 1
1 21 3 6 4 2 5 2 7 1
1 21 3 6 4 2 6 2 5 1
1 21 4 6 2 2 6 2 3 1
1 22 2 3 3 3 7 3 6 1
1 22 2 3 4 3 7 3 3 1
1 22 2 3 5 3 6 3 3 1
1 22 3 3 4 3 5 3 6 1
1 22 2 4 5 3 6 2 7 1
1 22 2 4 7 3 4 2 5 1
1 22 2 4 7 3 5 2 3 1
1 22 3 4 5 3 4 2 7 1
1 22 3 4 6 3 5 2 2 1
1 22 3 4 7 3 2 2 5 1
1 22 4 4 2 3 7 2 6 1
1 22 4 4 3 3 5 2 7 1
1 22 4 4 3 3 6 2 5 1
1 22 4 4 5 3 2 2 7 1
1 22 4 4 6 3 3 2 2 1
1 22 5 4 2 3 6 2 4 1
1 22 5 4 4 3 2 2 6 1
1 22 6 4 3 3 2 2 5 1
1 22 3 5 4 2 6 2 7 1
1 22 3 5 4 2 7 2 5 1
1 22 4 5 3 2 5 2 6 1
1 22 4 5 3 2 7 2 2 1
1 22 5 5 2 2 3 2 7 1
1 23 2 3 5 3 7 2 6 1
1 23 2 3 6 3 5 2 7 1
1 23 2 3 6 3 7 2 3 1
1 23 2 3 7 3 4 2 6 1
1 23 2 3 7 3 5 2 4 1
1 23 3 3 4 3 7 2 6 1
1 23 3 3 6 3 5 2 4 1
1 23 4 3 5 3 6 2 2 1
1 23 4 3 6 3 2 2 7 1
1 23 4 3 6 3 3 2 5 1
1 23 4 3 7 3 3 2 2 1
1 23 5 3 6 3 2 2 4 1
1 23 5 3 6 3 3 2 2 1
1 23 3 4 5 2 6 2 7 1
1 23 4 4 3 2 6 2 7 1
1 23 4 4 3 2 7 2 5 1
1 23 4 4 5 2 6 2 3 1
1 23 5 4 2 2 7 2 3 1
1 23 5 4 3 2 4 2 7 1
1 23 6 4 2 2 3 2 7 1
1 23 6 4 2 2 4 2 5 1
1 23 6 4 2 2 5 2 3 1
1 24 3 3 6 2 7 2 5 1
1 24 4 3 6 2 7 2 2 1
1 24 5 3 3 2 6 2 7 1
1 24 5 3 4 2 7 2 3 1
1 24 6 3 2 2 7 2 4 1
1 24 6 3 3 2 7 2 2 1
1 24 7 3 2 2 6 2 3 1
1 24 7 3 3 2 4 2 5 1
1 25 4 2 6 2 7 2 5 1
1 25 5 2 6 2 7 2 3 1
